69568
79794
97580
23000
144884
50
137177
161940
128037
178052
169484
28803
157005
154161
55580
7851
167099
148791
13712
3
25455
5507
45381
155055
149862
106307
62053
76481
40
185141
121402
59051
83221
198546
50070
119472
83790
186144
58260
93514
113020
26031
1227
55351
78023
168277
171738
193777
14046
121710
764
143065
197149
36308
10343
145406
40956
79285
99741
137525
126745
130990
166982
168663
140027
106261
46424
127258
37248
75561
36203
3022
31050
67395
197295
13561
69375
140600
51607
142975
69593
170692
141229
33082
49236
36651
89586
128033
101783
13418
121096
99311
138067
76961
70077
129957
62933
11
72026
1410
95482
91464
129564
151570
111692
194704
196708
180373
76092
112022
45425
14
175543
154539
80984
100187
38032
193600
550
60802
174199
83194
83333
94020
91049
179236
48635
53118
46899
30120
39205
158049
113171
168626
119604
178438
15581
6674
142091
55820
135622
33281
157220
176221
123420
160070
7584
12179
6164
151889
90287
78727
150831
50442
177848
14841
57596
159115
177659
10637
40616
143253
33198
80753
21350
13702
59024
451
109305
27547
22470
166693
54002
84851
19799
167150
55724
32531
64440
151371
55385
143203
73182
25266
39
17527
171001
42737
111354
15304
138328
180880
81301
25806
110965
97332
54002
88753
107541
21049
19625
151899
69118
65286
116605
52
36227
24975
111708
198747
67334
73916
104805
165703
23755
184102
192806
157282
138652
10757
192885
162785
127426
25876
40732
133025
26223
81777
69898
14846
49531
12838
91751
166318
55908
43503
107992
192117
3913
147090
17758
179826
49565
296
163732
150018
46378
94957
176537
158198
199484
19845
32536
112276
83
146437
181157
48872
73875
90048
41654
20202
151620
188306
177910
122872
19285
146885
184987
174967
99269
73866
176825
191870
183257
33118
197479
15604
16776
103612
6858
40818
113266
12
104353
183580
50649
33412
84535
26475
65947
162730
105323
3664
190327
43455
83868
198706
58704
59385
44500
41800
174911
27232
162449
61871
79213
17392
38384
68892
56688
65626
156575
178349
17499
59688
84106
41527
107381
152761
151500
150007
68982
21838
117003
66557
141831
153328
155667
108105
132334
144599
159477
34
26190
89222
86814
115159
178582
39099
104655
149281
56
52020
174699
147327
111429
157550
85493
80761
189466
33058
86727
192571
179998
140883
148811
132002
1
36074
116176
103756
177364
194500
114909
7482
195488
26309
102160
123225
144037
66977
10428
197987
125341
186592
25193
2
10444
20640
64026
144344
76582
18127
94157
143717
188099
116999
141591
34457
106045
153222
92200
196253
60937
59403
178683
175600
70336
155967
131068
62637
101218
188540
96600
145719
40784
157039
90662
72134
194069
75097
153962
59971
11935
30550
7662
56212
194636
80415
140106
89476
129267
171324
5499
83025
61229
116716
78338
176620
51890
174269
8565
8690
181344
118368
24932
103309
178577
41605
41053
2597
92244
58261
150223
70346
65665
110773
148993
120219
154965
50292
2050
54051
155719
198992
47460
